xx,fxx
0.201524629213931,5.54551353805166
0.204572391758325,5.13473475745529
0.207620154302719,4.26182984868785
0.210667916847113,4.31317719626244
0.213715679391507,5.69955558077532
0.216763441935901,4.2104825011133
0.219811204480295,4.15913515353878
0.222858967024689,4.46721923898606
0.225906729569083,4.56991393413516
0.228954492113477,4.26182984868789
0.232002254657871,4.00509311081509
0.235050017202265,4.41587189141155
0.23809777974666,3.28623024477135
0.241145542291054,3.85105106809143
0.244193304835448,4.82665067200797
0.247241067379842,4.00509311081509
0.250288829924236,3.5943143302187
0.25333659246863,3.90239841566598
0.256384355013024,3.49161963506956
0.259432117557418,3.74835637294233
0.262479880101812,2.97814615932404
0.265527642646206,2.87545146417499
0.2685754051906,2.92679881174949
0.271623167734994,3.2348828971968
0.274670930279388,3.38892493992052
0.277718692823783,3.1321882020477
0.280766455368177,3.33757759234591
0.283814217912571,3.64566167779322
0.286861980456965,3.02949350689859
0.289909743001359,2.92679881174949
0.292957505545753,2.77275676902583
0.296005268090147,2.56736737872767
0.299053030634541,2.97814615932404
0.302100793178935,2.87545146417493
0.305148555723329,3.02949350689859
0.308196318267723,2.61871472630222
0.311244080812118,2.61871472630217
0.314291843356512,3.08084085447314
0.317339605900906,2.51602003115307
0.3203873684453,2.31063064085486
0.323435130989694,2.1565885981312
0.326482893534088,2.36197798842941
0.329530656078482,2.56736737872767
0.332578418622876,3.08084085447314
0.33562618116727,2.51602003115307
0.338673943711664,2.82410411660043
0.341721706256058,1.95119920783299
0.344769468800452,1.74580981753478
0.347817231344847,2.92679881174949
0.350864993889241,1.69446246996023
0.353912756433635,2.20793594570575
0.356960518978029,2.31063064085486
0.360008281522423,1.79715716510937
0.363056044066817,1.79715716510933
0.366103806611211,1.89985186025844
0.369151569155605,2.15658859813124
0.372199331699999,2.10524125055665
0.375247094244393,1.54042042723657
0.378294856788787,2.0538939029821
0.381342619333181,2.1565885981312
0.384390381877576,2.10524125055665
0.38743814442197,1.33503103693836
0.390485906966364,1.89985186025847
0.393533669510758,2.25928329328031
0.396581432055152,1.89985186025844
0.399629194599546,1.48907307966205
0.40267695714394,1.95119920783299
0.405724719688334,1.33503103693836
0.408772482232728,1.89985186025844
0.411820244777122,1.54042042723657
0.414868007321516,1.12964164664015
0.417915769865911,1.89985186025844
0.420963532410305,2.10524125055665
0.424011294954699,1.5404204272366
0.427059057499093,1.5404204272366
0.430106820043487,1.7971571651093
0.433154582587881,1.48907307966205
0.436202345132275,1.48907307966202
0.439250107676669,1.33503103693836
0.442297870221063,1.33503103693836
0.445345632765457,1.69446246996023
0.448393395309851,0.872904908767391
0.451441157854245,1.38637838451291
0.45448892039864,1.64311512238568
0.457536682943034,1.43772573208747
0.460584445487428,1.18098899421475
0.463632208031822,1.18098899421471
0.466679970576216,1.74580981753478
0.46972773312061,1.02694695149105
0.472775495665004,0.667515518469181
0.475823258209398,1.23233634178926
0.478871020753792,1.89985186025844
0.481918783298186,1.12964164664015
0.48496654584258,1.18098899421471
0.488014308386974,1.18098899421475
0.491062070931368,1.12964164664011
0.494109833475763,0.924252256341977
0.497157596020157,1.23233634178926
0.500205358564551,1.12964164664015
0.503253121108945,1.12964164664015
0.506300883653339,0.616168170894629
0.509348646197733,0.718862866043734
0.512396408742127,1.02694695149105
0.515444171286521,0.513473475745524
0.518491933830915,0.821557561192838
0.521539696375309,0.975599603916531
0.524587458919703,1.12964164664011
0.527635221464098,0.924252256341977
0.530682984008492,0.821557561192838
0.533730746552886,0.975599603916496
0.53677850909728,0.975599603916496
0.539826271641674,1.28368368936381
0.542874034186068,0.770210213618286
0.545921796730462,0.924252256341943
0.548969559274856,0.872904908767423
0.55201732181925,0.92425225634191
0.555065084363644,0.821557561192868
0.558112846908038,1.28368368936381
0.561160609452432,0.872904908767391
0.564208371996826,0.462126128170972
0.567256134541221,0.872904908767391
0.570303897085615,0.872904908767391
0.573351659630009,0.718862866043734
0.576399422174403,0.770210213618286
0.579447184718797,0.308084085447314
0.582494947263191,0.564820823320097
0.585542709807585,0.92425225634191
0.588590472351979,0.71886286604376
0.591638234896373,0.975599603916496
0.594685997440767,0.718862866043734
0.597733759985161,0.564820823320076
0.600781522529556,0.821557561192838
0.60382928507395,0.410778780596419
0.606877047618344,0.718862866043734
0.609924810162738,1.18098899421475
0.612972572707132,0.718862866043707
0.616020335251526,0.770210213618314
0.61906809779592,0.513473475745505
0.622115860340314,0.71886286604376
0.625163622884708,0.616168170894629
0.628211385429102,0.462126128170972
0.631259147973496,0.872904908767391
0.63430691051789,0.667515518469181
0.637354673062285,0.462126128170972
0.640402435606679,0.616168170894629
0.643450198151073,0.616168170894629
0.646497960695467,0.308084085447326
0.649545723239861,0.616168170894629
0.652593485784255,0.616168170894606
0.655641248328649,0.513473475745543
0.658689010873043,0.564820823320076
0.661736773417437,0.616168170894629
0.664784535961831,0.20538939029821
0.667832298506225,0.359431433021867
0.670880061050619,0.718862866043734
0.673927823595013,0.71886286604376
0.676975586139408,0.308084085447314
0.680023348683802,0.462126128170955
0.683071111228196,0.513473475745543
0.68611887377259,0.924252256341943
0.689166636316984,0.513473475745524
0.692214398861378,0.616168170894629
0.695262161405772,0.410778780596419
0.698309923950166,0.308084085447314
0.70135768649456,0.359431433021867
0.704405449038954,0.410778780596419
0.707453211583349,0.616168170894629
0.710500974127743,0.513473475745524
0.713548736672137,0.0513473475745543
0.716596499216531,0.770210213618258
0.719644261760925,0.564820823320076
0.722692024305319,0.513473475745543
0.725739786849713,0.513473475745524
0.728787549394107,0.462126128170972
0.731835311938501,0.410778780596419
0.734883074482895,0.462126128170972
0.737930837027289,0.410778780596419
0.740978599571683,0.35943143302188
0.744026362116077,0.154042042723652
0.747074124660472,0.308084085447314
0.750121887204866,0.513473475745543
0.75316964974926,0.667515518469181
0.756217412293654,0.410778780596404
0.759265174838048,0.462126128170989
0.762312937382442,0.410778780596419
0.765360699926836,0.308084085447314
0.76840846247123,0.410778780596419
0.771456225015624,0.359431433021867
0.774503987560018,0.564820823320076
0.777551750104412,0.256736737872771
0.780599512648806,0.308084085447314
0.783647275193201,0.718862866043707
0.786695037737595,0.462126128170989
0.789742800281989,0.410778780596419
0.792790562826383,0.308084085447314
0.795838325370777,0.308084085447314
0.798886087915171,0.410778780596419
0.801933850459565,0.410778780596419
0.804981613003959,0.308084085447326
0.808029375548353,0.20538939029821
0.811077138092747,0.410778780596404
0.814124900637141,0.308084085447314
0.817172663181535,0
0.82022042572593,0.410778780596419
0.823268188270324,0.308084085447303
0.826315950814718,0.256736737872771
0.829363713359112,0.359431433021867
0.832411475903506,0.359431433021867
0.8354592384479,0.154042042723657
0.838507000992294,0.256736737872762
0.841554763536688,0.513473475745524
0.844602526081082,0.102694695149109
0.847650288625476,0.359431433021867
0.850698051169871,0.410778780596404
0.853745813714265,0.256736737872771
0.856793576258659,0.308084085447314
0.859841338803053,0.359431433021867
0.862889101347447,0.308084085447314
0.865936863891841,0.308084085447314
0.868984626436235,0.410778780596419
0.872032388980629,0.205389390298217
0.875080151525023,0.462126128170972
0.878127914069417,0.308084085447303
0.881175676613811,0.410778780596434
0.884223439158205,0.410778780596419
0.887271201702599,0.102694695149105
0.890318964246994,0.154042042723657
0.893366726791388,0.20538939029821
0.896414489335782,0.154042042723657
0.899462251880176,0.256736737872771
0.90251001442457,0.205389390298202
0.905557776968964,0.308084085447314
0.908605539513358,0.410778780596434
0.911653302057752,0.256736737872762
0.914701064602146,0.256736737872762
0.91774882714654,0.410778780596419
0.920796589690934,0.154042042723657
0.923844352235328,0.20538939029821
0.926892114779723,0.20538939029821
0.929939877324117,0.20538939029821
0.932987639868511,0.308084085447314
0.936035402412905,0.308084085447314
0.939083164957299,0.102694695149109
0.942130927501693,0.359431433021867
0.945178690046087,0.102694695149101
0.948226452590481,0.102694695149109
0.951274215134875,0.20538939029821
0.954321977679269,0.308084085447314
0.957369740223663,0.102694695149105
0.960417502768057,0
0.963465265312452,0.20538939029821
0.966513027856846,0.205389390298217
0.96956079040124,0.256736737872762
0.972608552945634,0.256736737872753
0.975656315490028,0.256736737872771
0.978704078034422,0.0513473475745524
0.981751840578816,0.0513473475745524
0.98479960312321,0.154042042723657
0.987847365667604,0.256736737872762
0.990895128211998,0.359431433021867
0.993942890756392,0.154042042723663
0.996990653300786,0.359431433021854
1.00003841584518,0.154042042723657
1.00308617838957,0.0513473475745561
1.00613394093397,0.154042042723657
1.00918170347836,0.20538939029821
1.01222946602276,0.256736737872762
1.01527722856715,0.154042042723657
1.01832499111155,0.256736737872762
1.02137275365594,0.20538939029821
1.02442051620033,0.154042042723657
1.02746827874473,0.154042042723657
1.03051604128912,0.102694695149105
1.03356380383352,0.0513473475745524
1.03661156637791,0.154042042723657
1.0396593289223,0.20538939029821
1.0427070914667,0.0513473475745524
1.04575485401109,0.154042042723657
1.04880261655549,0
1.05185037909988,0.20538939029821
1.05489814164427,0.256736737872781
1.05794590418867,0.20538939029821
1.06099366673306,0.154042042723657
1.06404142927746,0.102694695149097
1.06708919182185,0.154042042723657
1.07013695436624,0.102694695149105
1.07318471691064,0.154042042723668
1.07623247945503,0.0513473475745524
1.07928024199943,0
1.08232800454382,0.154042042723657
1.08537576708821,0.154042042723657
1.08842352963261,0.102694695149105
1.091471292177,0.0513473475745524
1.0945190547214,0.20538939029821
1.09756681726579,0.0513473475745524
1.10061457981019,0.102694695149105
1.10366234235458,0.102694695149105
1.10671010489897,0.20538939029821
1.10975786744337,0.102694695149105
